-3.704918670654296875e+01 -6.176854705810546875e+01 -6.723847961425781250e+01
4.976193618774414062e+01 6.711340332031250000e+01 5.285567092895507812e+01
-6.911597442626953125e+01 3.728412246704101562e+01 5.723525238037109375e+01
8.279569244384765625e+01 -5.308416366577148438e+01 8.057667732238769531e+00
3.869219970703125000e+01 3.987866210937500000e+01 -8.209693908691406250e+01
5.414778518676757812e+01 -1.222258377075195312e+01 -7.813119506835937500e+01
-1.020907402038574219e+01 -9.290843200683593750e+01 -1.276513385772705078e+01
2.239089775085449219e+01 -2.224131584167480469e+01 -9.018407440185546875e+01
9.198225402832031250e+01 8.654162406921386719e+00 2.746395301818847656e+01
4.742465209960937500e+01 -7.373972320556640625e+01 -3.902441787719726562e+01
-8.096590995788574219e+00 8.560995483398437500e+01 -4.460233306884765625e+01
8.806544494628906250e+01 -1.467347431182861328e+01 -3.837593460083007812e+01
2.453983306884765625e+01 9.418708038330078125e+01 -1.115336036682128906e+01
-8.058588027954101562e+00 -3.275648880004882812e+01 -8.820259857177734375e+01
7.307335662841796875e+01 2.181785964965820312e+01 -6.181121444702148438e+01
2.811320495605468750e+01 -5.523778915405273438e+00 9.337571716308593750e+01
-8.371486663818359375e+01 4.692149734497070312e+01 -1.768051910400390625e+01
-3.766259384155273438e+01 8.571068572998046875e+01 -3.353323364257812500e+01
-6.110076904296875000e+01 7.084945678710937500e+01 -3.094680213928222656e+01
9.002343750000000000e+01 -3.768524551391601562e+01 -1.216318416595458984e+01
-6.469850158691406250e+01 -3.690054321289062500e+01 4.100431442260742188e+01
6.818991851806640625e+01 2.704473876953125000e+01 6.478574371337890625e+01
-6.678063964843750000e+01 -3.285103142261505127e-01 5.175530624389648438e+01
7.055784606933593750e+01 -3.128947067260742188e+01 5.305222320556640625e+01
3.725235366821289062e+01 8.958583831787109375e+01 1.847169494628906250e+01
-4.807957839965820312e+01 7.967841339111328125e+01 1.981883049011230469e+01
5.993724465370178223e-01 5.702510452270507812e+01 7.141503906250000000e+01
1.751959419250488281e+01 -7.648334503173828125e+01 4.779574203491210938e+01
-4.555329895019531250e+01 -6.788477897644042969e+00 -7.964355468750000000e+01
-7.267579650878906250e+01 -5.873160934448242188e+01 -1.015189075469970703e+01
-4.416560649871826172e+00 9.955351257324218750e+01 4.897415637969970703e+00
8.020538330078125000e+00 4.226215362548828125e+01 -8.968866729736328125e+01
-6.783765411376953125e+01 -2.691428661346435547e+00 -7.239337921142578125e+01
-5.312456893920898438e+01 3.851919555664062500e+01 -6.712944030761718750e+01
3.774776077270507812e+01 -6.472336578369140625e+01 -6.419792175292968750e+01
-4.908800125122070312e+01 6.864085388183593750e+01 5.167582702636718750e+01
6.922435760498046875e+01 3.626144027709960938e+01 5.786185073852539062e+01
-8.108718109130859375e+01 -5.601829147338867188e+01 6.140563011169433594e+00
-3.535870742797851562e+01 4.021794509887695312e+01 -8.346557617187500000e+01
-5.305548095703125000e+01 -1.265401172637939453e+01 -7.836333465576171875e+01
8.959030151367187500e+00 -9.312014770507812500e+01 -1.251565265655517578e+01
-2.226576995849609375e+01 -2.449603652954101562e+01 -8.914494323730468750e+01
-9.273931121826171875e+01 9.347851753234863281e+00 2.489717292785644531e+01
-4.855318069458007812e+01 -7.447168731689453125e+01 -3.670252990722656250e+01
8.023074150085449219e+00 8.559948730468750000e+01 -4.489803314208984375e+01
-8.852861022949218750e+01 -1.609534454345703125e+01 -3.624353790283203125e+01
-2.401813316345214844e+01 9.425151824951171875e+01 -1.121306610107421875e+01
7.460068225860595703e+00 -3.665856170654296875e+01 -8.660945892333984375e+01
-7.299796295166015625e+01 2.141464233398437500e+01 -6.151107406616210938e+01
-3.035818290710449219e+01 -1.533420681953430176e+00 9.253662109375000000e+01
8.591124725341796875e+01 4.351068878173828125e+01 -1.440183162689208984e+01
3.914355850219726562e+01 8.562854766845703125e+01 -3.134753417968750000e+01
6.477225494384765625e+01 6.853276824951171875e+01 -2.787394142150878906e+01
-8.870243072509765625e+01 -4.077777862548828125e+01 -1.333875846862792969e+01
6.384309768676757812e+01 -3.594027709960937500e+01 4.160460281372070312e+01
-6.804528045654296875e+01 2.839864158630371094e+01 6.458123016357421875e+01
6.458989715576171875e+01 -1.063644886016845703e+00 5.561255645751953125e+01
-7.108808135986328125e+01 -3.097888946533203125e+01 5.278355026245117188e+01
-3.695494079589843750e+01 8.963071441650390625e+01 1.836188316345214844e+01
4.858256912231445312e+01 7.876863861083984375e+01 2.133235931396484375e+01
-4.119452238082885742e-01 5.933411788940429688e+01 7.047272491455078125e+01
-1.781802940368652344e+01 -7.584409332275390625e+01 4.931589126586914062e+01
4.452850341796875000e+01 -8.498625755310058594e+00 -8.100901794433593750e+01
7.403215789794921875e+01 -5.538686752319335938e+01 -1.195595932006835938e+01
4.723070621490478516e+00 9.958553314208984375e+01 2.513472795486450195e+00
-5.377364158630371094e+00 4.413964843750000000e+01 -8.873050689697265625e+01
6.835892486572265625e+01 -5.357188224792480469e+00 -7.182315063476562500e+01
5.416923904418945312e+01 3.783435058593750000e+01 -6.748554992675781250e+01
