-56.00 -44.00 5.00
-2.00 21.00 27.00
-45.00 18.00 46.00
-1.00 -82.00 20.00
-16.00 -10.00 -29.00
-24.00 -54.00 -16.00
-47.00 -70.00 31.00
-56.00 -32.00 -24.00
-1.00 -48.00 25.00
-43.00 -87.00 1.00
-35.98 30.71 -12.11
-3.00 -73.00 -1.00
-4.00 44.00 -14.00
-68.00 -29.00 -13.00
-18.00 -30.00 -18.00
-3.00 -28.00 62.00
-57.00 22.00 18.00
-44.00 48.00 -13.00
-50.00 35.00 3.00
-12.00 -89.00 3.00
-50.00 -26.00 58.00
-1.00 -18.00 38.00
-44.00 -12.00 59.00
-9.00 -59.00 46.00
-2.00 39.00 6.00
-34.00 53.00 17.00
-21.00 38.00 50.00
-25.00 -62.00 63.00
-63.00 -7.00 -1.00
-60.00 -41.00 39.00
-9.00 65.00 -12.00
-26.00 15.00 -35.00
-49.00 -23.00 9.00
-41.00 13.00 -6.00
50.00 -42.00 6.00
3.00 21.00 27.00
43.00 14.00 43.00
3.00 -81.00 19.00
21.00 -4.00 -32.00
33.00 -52.00 -19.00
48.00 -67.00 29.00
61.00 -31.00 -27.00
1.00 -48.00 26.00
38.00 -88.00 1.00
20.00 38.00 -21.00
5.00 -69.00 -1.00
7.00 45.00 -13.00
69.00 -24.00 -14.00
20.00 -29.00 -17.00
4.00 -25.00 61.00
57.00 15.00 17.00
49.00 40.00 -13.00
55.00 31.00 5.00
14.00 -85.00 5.00
51.00 -23.00 56.00
1.00 -16.00 37.00
47.00 -9.00 54.00
7.00 -57.00 41.00
4.00 38.00 4.00
43.00 45.00 21.00
16.00 34.00 53.00
17.00 -65.00 59.00
67.00 -12.00 -1.00
65.00 -36.00 35.00
9.00 64.00 -13.00
37.00 21.00 -38.00
45.00 -25.00 11.00
43.00 12.00 -6.00