-3.699356842041015625e+01 -6.312005233764648438e+01 -6.817136383056640625e+01
5.038299179077148438e+01 6.796888732910156250e+01 5.330837631225585938e+01
-7.046632385253906250e+01 3.847319793701171875e+01 5.961802291870117188e+01
8.431867980957031250e+01 -5.320601272583007812e+01 7.712292194366455078e+00
3.897670364379882812e+01 4.102859878540039062e+01 -8.244676208496093750e+01
5.602129745483398438e+01 -1.218846511840820312e+01 -8.193324279785156250e+01
-9.945606231689453125e+00 -9.854004669189453125e+01 -1.381819438934326172e+01
2.301623725891113281e+01 -2.337640571594238281e+01 -9.446585083007812500e+01
9.512486267089843750e+01 9.806805610656738281e+00 2.924185752868652344e+01
4.930142974853515625e+01 -7.711180114746093750e+01 -4.028819274902343750e+01
-8.654597282409667969e+00 8.861894989013671875e+01 -4.551679611206054688e+01
9.024326324462890625e+01 -1.527123260498046875e+01 -4.028577423095703125e+01
2.458191108703613281e+01 9.621316528320312500e+01 -1.177949523925781250e+01
-7.830928802490234375e+00 -3.379846191406250000e+01 -9.378880310058593750e+01
7.425006103515625000e+01 2.270814323425292969e+01 -6.301799774169921875e+01
2.867008781433105469e+01 -6.223854064941406250e+00 9.559962463378906250e+01
-8.574746704101562500e+01 4.842380142211914062e+01 -1.739268302917480469e+01
-3.826110076904296875e+01 8.630522155761718750e+01 -3.297719573974609375e+01
-6.285634994506835938e+01 7.138655090332031250e+01 -3.087131309509277344e+01
9.121833801269531250e+01 -3.893943023681640625e+01 -1.276459312438964844e+01
-7.632611846923828125e+01 -4.377655029296875000e+01 4.751773834228515625e+01
6.905487060546875000e+01 2.724428939819335938e+01 6.700128936767578125e+01
-7.948088073730468750e+01 -9.999999974752427079e-07 6.068598937988281250e+01
7.484058380126953125e+01 -3.306511306762695312e+01 5.749421691894531250e+01
3.686679840087890625e+01 9.098622131347656250e+01 1.903538513183593750e+01
-5.097351455688476562e+01 8.350191497802734375e+01 2.071546363830566406e+01
1.167235970497131348e+00 6.198575973510742188e+01 7.846274566650390625e+01
1.968698692321777344e+01 -8.351246643066406250e+01 5.136233139038085938e+01
-5.020021438598632812e+01 -7.658481121063232422e+00 -8.614688110351562500e+01
-7.688085937500000000e+01 -6.294895935058593750e+01 -1.125879955291748047e+01
-4.829545021057128906e+00 9.980208587646484375e+01 4.027307987213134766e+00
7.717383861541748047e+00 4.308232498168945312e+01 -8.991303253173828125e+01
-6.825359344482421875e+01 -2.281302928924560547e+00 -7.304958343505859375e+01
-5.665132904052734375e+01 4.174674987792968750e+01 -7.104812622070312500e+01
3.730980300903320312e+01 -6.568003082275390625e+01 -6.552947998046875000e+01
-4.950633621215820312e+01 6.951700592041015625e+01 5.212013244628906250e+01
7.187541198730468750e+01 3.730509185791015625e+01 5.867073059082031250e+01
-8.255455780029296875e+01 -5.616017913818359375e+01 5.547875881195068359e+00
-3.593082809448242188e+01 4.067151641845703125e+01 -8.399286651611328125e+01
-5.602129745483398438e+01 -1.218846511840820312e+01 -8.193324279785156250e+01
9.945606231689453125e+00 -9.854004669189453125e+01 -1.381819438934326172e+01
-2.297299575805664062e+01 -2.538061904907226562e+01 -9.395777893066406250e+01
-9.621691131591796875e+01 9.846068382263183594e+00 2.540393829345703125e+01
-5.016933441162109375e+01 -7.745581054687500000e+01 -3.851797866821289062e+01
8.654597282409667969e+00 8.861894989013671875e+01 -4.551679611206054688e+01
-9.103984069824218750e+01 -1.718313026428222656e+01 -3.763624572753906250e+01
-2.458191108703613281e+01 9.621316528320312500e+01 -1.177949523925781250e+01
7.766539096832275391e+00 -3.939941787719726562e+01 -9.158256530761718750e+01
-7.425006103515625000e+01 2.270814323425292969e+01 -6.301799774169921875e+01
-3.046624946594238281e+01 -1.042605042457580566e+00 9.524033355712890625e+01
8.782003784179687500e+01 4.537688446044921875e+01 -1.511879825592041016e+01
3.909056854248046875e+01 8.657521057128906250e+01 -3.125153923034667969e+01
6.532514953613281250e+01 7.030477142333984375e+01 -2.810449600219726562e+01
-9.034037780761718750e+01 -4.057032775878906250e+01 -1.388034152984619141e+01
7.536228179931640625e+01 -4.329415512084960938e+01 4.945848083496093750e+01
-6.895056915283203125e+01 2.922790908813476562e+01 6.626874542236328125e+01
7.636031341552734375e+01 -1.161705970764160156e+00 6.455814361572265625e+01
-7.593704223632812500e+01 -3.372306442260742188e+01 5.564458465576171875e+01
-3.686679840087890625e+01 9.098622131347656250e+01 1.903538513183593750e+01
5.025644302368164062e+01 8.345672607421875000e+01 2.256688499450683594e+01
-1.161707997322082520e+00 6.455813598632812500e+01 7.636030578613281250e+01
-1.866632080078125000e+01 -8.279286956787109375e+01 5.288581085205078125e+01
4.864789962768554688e+01 -8.719232559204101562e+00 -8.693305969238281250e+01
7.991765594482421875e+01 -5.884456253051757812e+01 -1.226725578308105469e+01
3.839121103286743164e+00 9.990583801269531250e+01 2.020952939987182617e+00
-5.802240848541259766e+00 4.373942184448242188e+01 -8.973960113525390625e+01
6.943672180175781250e+01 -5.717061996459960938e+00 -7.173461914062500000e+01
5.697676086425781250e+01 3.978462982177734375e+01 -7.190849304199218750e+01
