1.388705061730612655e+01 -7.936989108770872292e+01 2.955395863209354435e+00
4.331077929410067640e+01 -6.546435175313578725e+01 3.658883157188629109e+00
1.707818630883391364e+01 -7.627357601112043994e+01 2.845322639841429080e+01
1.389281397916448846e+01 -7.952884223348756620e+01 3.723094268297183262e+00
1.974096327681467145e+01 -8.570510482404506547e+01 6.249615126569900703e+00
2.971121938024563391e+01 -8.254147823571975096e+01 -1.276700564558885587e+00
3.121000646741202544e+01 -7.226323500643955811e+01 -1.286211022366298806e+01
2.823178285550514488e+01 -1.779098756644613744e+01 5.360432055531463647e+01
3.583932975252220388e+01 -2.286419411045630667e+01 5.096542310639982531e+01
4.091037078633027591e+01 -2.814262991289005367e+00 4.877751171785242690e+01
4.417930076917012627e+01 1.843390308778422471e+00 3.528634622891743788e+01
4.677462659822224111e+01 1.336059704993689978e+00 4.442948576503581393e+01
1.694195029782932949e+01 -8.715394383108379373e+01 2.660300341473509889e+01
6.130418839000520315e+00 -3.459136771304266489e+01 2.169372090805144637e+01
1.186258501233675489e+01 -6.905432023039651313e+01 3.623061975864095530e+01
2.519164161415366721e+01 -8.088593905789035432e+01 2.983997991868665878e+01
2.510555113278902439e+01 -6.762957604376823895e+01 3.506936701051481720e+01
3.990068413595135155e+01 -5.520451432131649483e+01 -1.845678521059872068e+01
2.871456254508830597e+01 -7.525886677304376349e+01 1.956832854121686438e+01
3.784573856752309950e+01 -8.238388756139954694e+01 3.456469645417893144e+00
4.385358004136519128e+01 -8.156364132274281076e+01 -5.214469805292107907e+00
4.242836077134688111e+01 -7.909155782762464071e+01 -1.351053465067685266e+01
4.617351059866423668e+01 -7.135440879293007299e+01 5.913793778123807243e+00
4.389731429343999736e+01 -2.341668770241975039e+01 9.653817468307343219e+00
6.084822309574488486e+01 -3.867525379959506893e+01 2.115584974604294644e+01
8.946382761391797445e+00 1.595908760642800495e+01 6.229259263708236460e+01
7.151490455330488771e+00 -5.227662094024840655e+01 4.862298272869544036e+01
5.586101523021723381e+01 -4.264806012232565280e+01 1.523772899149781601e+01
6.585124917226295338e+00 -6.535941012358244961e+01 4.863501740248469218e+01
6.020778954105597158e+00 -5.998805299496925869e+01 3.501952804007181186e+01
1.191903840682723370e+01 -5.746658580165264141e+01 1.508203433306256613e+01
3.640721745425962386e+00 -2.245720683017901820e+01 3.824886971189264528e+01
5.102271156610497904e+00 -5.305748114839268226e+01 1.928764210576596483e+01
3.830383443181425207e+00 -3.989690883493260998e+01 3.183896690342613311e+01
9.569998395609689013e+00 -4.466305692712743536e+01 3.327095769001887504e+01
5.734656471643388542e+00 -3.776412968369004375e+01 6.325221398868916367e+01
1.372029298021250554e+01 -3.887281785352711694e+01 5.099136920600577838e+01
1.217656175037599908e+01 -3.216180615802980469e+01 4.172800847467386376e+01
1.246138293922474993e+01 -4.392801097431014057e+01 6.980071337455142100e+01
8.240667152404785867e+00 -1.737292791195590169e+01 4.983842751474091415e+01
1.070498364529711210e+01 -4.912975543429096703e+00 4.536504047474962675e+01
1.955219326752882836e+01 -5.071401164295909325e+01 6.324445317865728100e+01
7.204394511631557307e+00 4.132872820858444207e+00 5.657250136893136272e+01
1.850391553441520287e+01 4.680788268665756036e+00 6.301815847931284509e+01
8.580073478421885724e+00 -5.865117053104727773e+01 6.000042330196283302e+01
1.359356870184411470e+01 -7.023360315069452042e+01 5.324464963366101955e+01
3.275689313340895126e+01 -4.758393591701394598e+01 5.920493295499593955e+01
2.739614270566631404e+01 -5.540273751217009846e+01 5.114089537604674263e+01
1.952730814979189944e+01 -6.063286321730840456e+01 5.911336387270972637e+01
2.408332070192676255e+01 -6.310145484128612736e+01 4.513467316890786662e+01
4.372139386641075731e+01 -2.420654662489016573e+01 5.495643517137447986e+01
3.536061148311197400e+01 -3.284127513101081774e+01 5.024447487720787109e+01
3.154995494683583601e+01 -2.150018281343966464e+01 4.488534088027005708e+01
3.568441424522225702e+01 -1.214165571672186950e+01 6.129053303095847838e+01
1.591081535242282641e+01 -1.198705519163952893e+01 6.505122932213700437e+01
5.714770059625924148e+01 3.552117983868400941e+00 3.012204982397082276e+01
5.414102165819071999e+00 -2.920421374087362576e+00 4.022871081263041049e+01
4.462179093564291321e+00 1.106738757236167636e+01 2.897601786608944607e+01
5.738726744691421189e+00 1.646732870693682216e+01 3.277181028329104606e+01
1.087481446710735078e+01 1.358626959485264685e+01 3.888770550451364016e+01
6.797212486150788102e+00 3.723310753426900988e+01 -2.677614513557495246e-01
1.058935523984099447e+01 3.688531126256002324e+01 2.417678871317806255e+01
6.509489571570370003e+00 2.781818936221523586e+01 4.522118758371163239e+01
1.146897485556191931e+01 4.384883200201240783e+01 -1.680084810079287116e+00
8.397900958444880715e+00 4.690142432903421366e+01 -8.287501243159345776e+00
3.412486283308794555e+01 3.021924806452121715e+01 -1.503386343417524529e+01
3.757290074178928307e+01 1.979057634764655305e+01 4.597657379256459365e+01
2.329249282289691436e+01 2.622892533617554989e+01 4.285689357908253072e+01
8.788220864376963704e+00 5.056907703636544937e+01 2.041659598619405358e+01
1.189070680939441260e+01 3.784835931946364695e+01 4.897976673212384213e+01
1.924805100712053019e+01 4.524104013007589487e+01 3.400477950667772831e+01
1.084719427578321849e+01 6.303291784534017239e+01 6.255040807538854608e+00
3.839192704810990620e+01 1.814570069599239588e+01 3.443427556285347180e+01
5.147238786546446221e+01 1.769226143102851623e+01 1.205218192090233487e+01
4.985558503752301363e+01 2.700916690583441593e+01 3.251081574373065664e+00
4.549777341743864412e+01 3.168444867533041531e+01 -1.140436136865045924e+01
3.761392022023159143e+01 4.771426176813851328e+01 -6.161556343997177443e+00
4.966988643121608504e+01 7.158090549749093867e+00 1.634550845535890318e+01
4.030830634311163863e+01 1.743523290559842920e+01 2.252517919416551351e+01
3.661615987761859259e+01 7.716342253698206477e+00 2.666909834948933522e+01
4.544725372359069127e+01 2.617164569988585399e+01 1.848359843025430749e+01
4.570453264358195611e+01 3.444985624069862951e+01 6.099166494469713484e+00
4.365018963082725634e+01 3.067658539459802114e+01 2.663576027429657955e+01
3.361564771966283161e+01 3.453694296227880045e+01 2.947786491501283379e+01
3.909827448527018134e+01 4.741946203443739449e+01 1.099130885954256343e+01
2.785745907657915765e+01 4.343041228005924381e+01 2.261229518802052141e+01
1.872593340132636897e+01 5.728194074166626137e+01 2.089509933298012001e+01
5.520297572360060911e+00 4.782779639986802778e+01 -1.570547956402217515e+01
2.508274024609098163e+01 5.699805210682022505e+01 -6.669650769001979285e+00
1.339035331586936373e+01 5.748402772920834281e+01 -1.529386686934526196e+01
2.478046400376359060e+01 4.263662935492790496e+01 -1.448445307924018266e+01
2.167709526800571496e+01 2.471634123737650768e+01 -1.912810175042403316e+01
1.035435352591333746e+01 3.098741241228181664e+01 -2.281661377874891983e+01
3.117625401184723444e+01 2.103112493406186800e+01 -1.745048565048355371e+01
3.043175259758444540e+01 -5.387307394155382667e+01 4.300785490272011202e+01
2.648755613276979304e+01 -1.582860143310403922e+00 5.034329707865812509e+01
3.304994983745343973e+01 1.160328007060470057e+01 5.176794738480538882e+01
2.036637996681152885e+01 1.831724153246198483e+01 5.549970169672890563e+01
5.644298627414805480e+01 -1.742134654771830382e+00 9.883443550311307391e+00
5.725180994855226402e+01 -1.357907657836475579e+01 1.587317012609356581e+01
4.405731804350502756e+01 -2.172221597035725793e+01 1.826114909465496439e+01
3.843404049940512124e+01 -1.642360348432836403e+01 1.837832367084395813e+01
3.852336891451029999e+01 -2.323959999875083327e+01 2.333522800749428416e+00
4.062455047823603138e+01 -3.228715110472551686e+01 1.734903253377398613e+01
4.752703597181934470e+01 -2.997546470232602545e+01 2.219251058061244208e+01
3.928209166135752639e+01 -5.440917335010066580e+00 -4.822309739768591563e-01
5.198662602679329581e+01 -2.338920655427018769e+00 -7.232130556249717124e+00
3.767432909233625793e+01 1.359039101587600840e+01 8.334515291412657234e+00
3.708806981431676775e+01 7.335625048890274336e+00 2.873946335057708357e+00
3.335680507347647250e+01 3.934924593290099804e+00 -1.843610240822344792e+01
3.267147156748810488e+01 2.390999116666233348e+01 -3.256852039434718460e+00
3.333019140567159866e+01 1.392093858736086354e+01 -1.228976159577765692e+01
4.797742168719951650e+01 2.723356442997375559e+00 5.920283310376107444e+00
3.524073246426052464e+01 5.781325693089101492e+00 1.159592964384290958e+01
4.033372765287347050e+01 -3.813270327428979645e+00 1.490165071749905934e+01
5.146880187706494070e+01 -2.636046528662120636e+01 3.883498679677975929e+01
3.560149328220657594e+01 -4.099827445738496579e+01 4.142828333670632901e+01
2.196507884326733873e+01 -1.362402980474003655e+01 -2.696451938361452250e+01
2.034635967130675027e+01 -3.405700900811740439e+01 -8.409546207438499010e+00
3.081800377036682548e+01 -2.728508239499435462e+01 -1.470364440075426060e+01
2.045130679807015284e+01 -5.050432080454171313e+01 8.520097310697486437e-01
2.933483594773786507e+01 -1.128187680845802277e+01 -3.236259349626985937e+01
5.132830740057903540e+01 9.508296704162722435e+00 -1.885647387867388503e+01
5.717035430418943065e+01 -2.004836063084000486e+01 5.883207032632433275e+00
6.141614238372365975e+01 -1.826160001477744643e+01 -2.681127389240153036e+00
2.243426821693297413e+01 -3.467591507204117107e+01 -1.600613774022748359e+01
3.506002964953329837e+01 -3.752220148979863268e+01 -1.653492482704452371e+01
5.240325794721904629e+01 -7.453179071096115216e+00 -1.495416802230634268e+01
4.826541311178586113e+01 -3.015340724035732123e+01 -3.482092472386097093e+00
5.807026106735755633e+01 -3.360656874122923199e+01 -6.801508202812874160e+00
4.037879513902125694e+01 9.370614756843444582e+00 -3.274218173993386216e+01
6.010441845476533018e+01 -7.764853744077574227e+00 -2.465915837521425047e+01
6.033096682417464507e+01 -4.398674863520221123e+01 -1.256244103476572604e+01
5.381950491657857327e+01 -2.010190695341022860e+01 -2.956125824740980335e+01
4.129699613195266039e+01 -2.230698615860764988e+01 -2.691871075177714800e+01
4.702926812758301622e+01 -4.166321863763017319e+01 -1.972120283817194064e+01
5.740926976763055478e+01 -5.327064889096146061e+01 -4.095460026344586169e+00
4.728316285875108349e+01 -6.148761340777079454e+01 -1.094538325733608630e+01
5.132833216203430027e+01 -4.295991515298672425e+01 7.281412072994822182e+00
5.224157138718371129e+01 -5.870893435495508328e+01 6.941962424580102820e+00
4.102300056658292959e+01 -6.328566729036489136e+01 1.368726240423388951e+01
1.965165440860210566e+01 -6.800536882541324246e+01 2.993141533576402225e+01
4.096109657197415999e+01 -7.795892192398684983e+01 2.177277690017195155e+01
4.215823988127853994e+01 -4.644054839761582798e+01 3.974891870424849571e+01
3.458216405125431692e+01 -6.395927660551810590e+01 4.245973749132689790e+01
3.297423902508109705e+01 -7.232337742444583739e+01 2.725070117901622524e+01
5.954765891769305597e+01 -2.136314093142139825e+01 2.752088142187416864e+01
5.684432239067263737e+01 -3.323612418279699199e+01 3.415911239247319031e+01
5.168894899546110366e+01 -4.926642743107002786e+01 3.788880562081951808e+01
4.672630257130150255e+01 -5.720782276118920606e+01 2.284406097770098043e+01
4.363827172704489499e+01 -6.537200989933856476e+01 3.732518296452411022e+01
2.120006393401090605e+01 -8.129471616508547527e+01 4.148933112719827676e+01
1.953619846647436020e+01 -5.297643860036676244e+01 -7.860606103593652527e+00
2.914400111545215921e+01 -5.961905312538146973e+01 -9.943278059363365173e+00
3.253898613687623964e+01 -3.518505295076518280e+01 -1.503423816799499768e+01
4.495529711073723433e+01 -7.720582234110808884e+01 -2.025809473736022603e+00
4.628286220902516845e+01 -6.300755935060115576e+01 -2.673375059143312527e+00
3.328324681398819962e+01 -8.259434676656917418e+01 1.379940905133072171e+01
4.463830678538561614e+01 -7.713308489357017095e+01 8.820967346515709906e+00
2.957583269231459511e+01 -5.321587922713335672e+01 -7.086398375735563526e+00
1.183322382923141447e+01 -5.167057206051283202e+01 3.552268364894912622e+01
6.813390610328487362e+00 -4.257457815269033574e+01 4.096408717184041137e+01
3.031908455584045470e+01 -4.778625762325593485e+01 -1.842478187135091972e+01
4.933973423477743481e+00 2.035468912449012890e+01 -1.305250329225241757e+01
6.851068954584430770e+00 3.272772811749659638e+01 -1.253083368762188421e+01
1.520758275036672913e+01 1.310408029452110945e+01 -1.806765310972639682e+01
3.893633546576230486e+01 -1.295147081157740487e+01 -5.393179993603847144e+00
3.603031642110313726e+01 -1.420255443411126883e+01 1.414801176340302113e+01
3.691756317950530786e+01 2.585125916391245227e+01 5.091571665667556701e+00
2.543275280594825816e+01 5.469206057190895365e+01 5.158525351003845572e+00
4.388903064978278934e+01 4.120667084341425124e+01 -2.517840565010157405e+00
3.759207789724765547e+01 -3.625863679073355605e+00 -4.135750927738637017e+01
4.400852110942555129e+01 -1.986527743738653484e+01 4.409691546641552939e+00
4.846621917791387091e+01 -2.589979457437861754e+01 7.976871756025685656e+00
6.416449213752969172e+01 -1.862785917177295403e+01 4.536790359856789578e+00
5.393525197917017522e+01 -1.418266583593754859e+01 -1.718342865746596715e+01
6.126131027293317288e+01 -2.764325610833921587e+01 -1.712454318850999258e+01
4.460297891761683076e+01 -8.938736822426649908e+00 -1.230443211220487676e+01
1.105403235584398480e+01 2.748010471255280152e+01 2.911389817906376365e+01
5.757061568765692527e+00 3.380869771613449615e+01 1.580936198416954852e+01
-1.268442207322511806e+01 -8.232160778451667227e+01 1.542622246089905724e+00
-4.232009026209513536e+01 -6.678330635494656065e+01 4.320220506166677410e+00
-1.429770070490059553e+01 -7.773227204508303601e+01 2.651631698908178336e+01
-1.252467234989293665e+01 -8.010095202594722252e+01 2.569908298900672072e+00
-1.863701587319373942e+01 -8.521359602014223356e+01 3.580348072354293532e+00
-2.922033578749271143e+01 -8.308818319590713486e+01 -2.408763657615762721e+00
-3.240211030208703136e+01 -7.199430860012067512e+01 -1.466013701114590262e+01
-2.862556798461068297e+01 -1.920586179845976815e+01 5.217133958942417848e+01
-3.728179259769526510e+01 -2.387122641900302256e+01 5.094426550370737772e+01
-3.965653040775885785e+01 -5.377292631239329879e+00 4.780463447020603951e+01
-4.705696176147461074e+01 -5.583544663538535513e-01 3.714781607055664381e+01
-4.702996206283569336e+01 -3.491849765850929543e-01 4.583557299288307973e+01
-1.678521625936767236e+01 -8.908441670735676610e+01 2.258091533919911242e+01
-6.053663952883346688e+00 -3.592409238273844352e+01 2.035052378907895232e+01
-1.055104173304523840e+01 -6.972417911879773555e+01 3.460356897870009618e+01
-2.378965025574621350e+01 -8.154984706683750062e+01 2.593100932740816944e+01
-2.304989636017500843e+01 -7.187751477481397444e+01 3.225373232730327544e+01
-4.135481697962834602e+01 -5.598256284762651802e+01 -1.909254470482850863e+01
-2.737858752509793092e+01 -7.987878471395882229e+01 1.555092303225306161e+01
-3.853673418512884297e+01 -8.401099268595378078e+01 2.521131758144675938e+00
-4.308858001047612873e+01 -8.120499146169184712e+01 -6.633338426657874543e+00
-4.123780892001595788e+01 -7.904449227205506645e+01 -1.383490342547179708e+01
-4.479724192945924699e+01 -7.260506870322031148e+01 6.084693777438712203e+00
-4.333954023361206254e+01 -2.520429092407226435e+01 9.631451270580292601e+00
-5.682117540374790821e+01 -4.566417740409999482e+01 2.098556820824656910e+01
-8.697573312767991283e+00 1.690328928452354162e+01 6.073526896227587457e+01
-7.590082678902015267e+00 -5.095473121793082782e+01 4.757093525468633288e+01
-5.981931217417997715e+01 -4.735924496370203229e+01 1.397608372744391936e+01
-7.191118698703999002e+00 -6.482937921018016425e+01 4.800364654696717537e+01
-5.588114438191899680e+00 -6.103188436736100897e+01 3.412927523499015336e+01
-1.172213555774049887e+01 -5.896793787102950546e+01 1.271679592104049306e+01
-3.230391991814988373e+00 -2.000827420107772525e+01 3.710947757131199864e+01
-4.955208811067765673e+00 -5.578188631611485704e+01 1.807009873082560958e+01
-3.287011849305415012e+00 -3.981306209204331736e+01 3.058971411427112130e+01
-9.266067886069828674e+00 -4.585612845138127369e+01 3.188258571021641785e+01
-6.903381365667991432e+00 -3.927100235804412165e+01 6.008771075785278271e+01
-1.508853443520584037e+01 -3.615935530608850001e+01 4.782780940310615847e+01
-1.200382921739473296e+01 -2.808535023679375442e+01 4.150684550316545085e+01
-1.374747982572336724e+01 -4.548958075744486251e+01 6.806228768574270305e+01
-8.549889419110900945e+00 -1.727784648831733350e+01 4.828134167247823427e+01
-9.909634544366923592e+00 -2.105101480074446751e+00 4.329027367483389810e+01
-1.913212438872472987e+01 -5.253784532952440856e+01 6.293888995651837348e+01
-7.302469909557446570e+00 3.306479659040447938e+00 5.485745707470874777e+01
-1.657633745991171637e+01 3.884929699627547528e+00 6.487193737464414767e+01
-9.209530776642340655e+00 -5.763715919633079920e+01 5.859338421899017391e+01
-1.294915758822597418e+01 -7.177135279308829752e+01 5.043766878778202312e+01
-3.401352725387308595e+01 -4.887679872898696942e+01 5.792577369557639599e+01
-2.815572736403521503e+01 -5.640597032534530797e+01 5.189238314659766615e+01
-2.113522434916789550e+01 -6.352202209450826587e+01 5.855774531002890626e+01
-2.190246615450606527e+01 -6.406927991408277023e+01 4.246473299103342214e+01
-4.282543739491762125e+01 -2.606374197376755930e+01 5.541383095652168578e+01
-3.537765422722466013e+01 -3.464679406411776341e+01 5.124898740399509478e+01
-3.403805206021988994e+01 -2.173162334236351256e+01 4.213755429133147601e+01
-3.331843089329377250e+01 -1.354650545588236454e+01 6.298711065793635555e+01
-1.301066867859626264e+01 -1.476034558667298668e+01 6.651880158673104404e+01
-5.778732564279378892e+01 1.786574345138366438e+00 3.118446873691632959e+01
-4.026758544740423496e+00 -1.305416186484384511e+00 3.812019439714144653e+01
-3.731114891181038118e+00 1.091077876480601638e+01 2.830446455486334401e+01
-5.840328623158063337e+00 1.720924209377870540e+01 3.090667518596008634e+01
-1.022506422097565704e+01 1.433676893137843145e+01 3.737116719073936366e+01
-5.472992638255773201e+00 3.890137011924486643e+01 -7.901620567430941433e-01
-9.640421273051828166e+00 3.932189077225284279e+01 2.206477252469546713e+01
-6.246835289782964651e+00 3.039663059854934701e+01 4.256370150020271836e+01
-1.120095194195190658e+01 4.568710762990546215e+01 -1.012581075967302180e+00
-7.862604599856259036e+00 4.807225335796227483e+01 -8.649046870362893102e+00
-3.524044844872840798e+01 3.097559277820184676e+01 -1.395397074816096250e+01
-3.730133094514282277e+01 1.667239892793897482e+01 4.822474602862292414e+01
-2.350686463592581887e+01 2.467164852666566333e+01 4.089645917887510507e+01
-7.463234570151881186e+00 5.115403168996174799e+01 2.212706963388543357e+01
-1.178313543069607405e+01 3.564495121924232990e+01 5.050745791394563611e+01
-1.794282216163460220e+01 4.358272669350731121e+01 3.711590098948613559e+01
-1.090263654451469222e+01 6.233392958767549175e+01 9.076359876064151067e+00
-4.015010651791622109e+01 1.560094184079877877e+01 3.563415362601545411e+01
-5.050706268179005320e+01 1.536286573026372082e+01 1.189943623371507897e+01
-4.748542705041095502e+01 2.703610880305078723e+01 3.081678892463878050e+00
-4.404683181902044709e+01 3.088400116140983798e+01 -1.041462542549841608e+01
-3.897585827561675842e+01 4.573649122519571364e+01 -9.854219214320997011e+00
-5.122092392006698702e+01 5.582354838598747371e+00 1.646939307559585686e+01
-3.921595883243298175e+01 1.181357350341016499e+01 2.460969633610370622e+01
-3.916651444606097243e+01 2.981141001438774030e+00 2.755301363059723840e+01
-4.412612260671762243e+01 2.085989202902867135e+01 2.103579355753385016e+01
-4.332479805702919862e+01 3.057899670987515961e+01 1.226509553856319812e+01
-4.287624267847171922e+01 2.885332636268673312e+01 2.702259869899797806e+01
-3.603780993314542513e+01 3.518663179186457057e+01 2.875300564761418798e+01
-3.682655702037365586e+01 4.720390166081948990e+01 8.785494273351671879e+00
-2.816506384803863483e+01 4.177806244210568565e+01 2.175889062417481412e+01
-1.959833955113798254e+01 5.295753678201408832e+01 2.435434224581148754e+01
-4.307490283886362903e+00 4.832864888600725806e+01 -1.867648139743601376e+01
-2.497925952703011276e+01 5.433875043852990672e+01 -4.462114424735283968e+00
-1.275024655097143267e+01 5.783224233308634865e+01 -1.494785900662962064e+01
-2.484415482337812620e+01 4.395411841565061195e+01 -1.330071917422857730e+01
-2.244742633901564588e+01 2.693764456183509637e+01 -1.829629052062101024e+01
-1.105945441088842607e+01 3.018642807087861968e+01 -2.224900588567923521e+01
-3.140382418160240618e+01 2.047949817157781993e+01 -1.751274739591458385e+01
-2.865538819165733742e+01 -5.486310739284608218e+01 4.075265425395190277e+01
-2.439807789075813460e+01 -3.387908954855460841e+00 5.231270947334786570e+01
-3.053063644172932456e+01 7.397161484768916218e+00 5.228738870950778761e+01
-2.218244936256532895e+01 2.139380422088921208e+01 5.433690501657293481e+01
-5.634567482306309216e+01 -1.197137037573339224e+00 8.680414698263680506e+00
-5.795427212429680708e+01 -1.324610554722618971e+01 1.434377696931758628e+01
-4.668335226460506959e+01 -2.229672001913974100e+01 1.786817544134039792e+01
-3.948782361826502552e+01 -1.675187537186127784e+01 1.726627497924001631e+01
-3.863744706750151181e+01 -2.281338468058810065e+01 -1.007241528576765299e+00
-3.917052912948155097e+01 -3.434012732175317240e+01 1.691978824099298251e+01
-5.032594675729833256e+01 -3.249542369758257365e+01 2.007481132164619453e+01
-3.861627899075146786e+01 -4.479036966529646335e+00 -2.747915300777795000e+00
-5.114334639648095759e+01 -1.495234589659835800e+00 -8.492118345589197759e+00
-3.812031926937446258e+01 1.291434314710175357e+01 7.431013457561673974e+00
-3.530341906670513197e+01 8.955027262851020353e+00 2.515292179714728071e+00
-3.121321708952899598e+01 3.733187916615970270e+00 -1.851524370133609665e+01
-2.980385655930588484e+01 2.405996133761698985e+01 -3.182067271158119937e+00
-3.260864862805153308e+01 1.270516131942241422e+01 -1.253991992680731116e+01
-5.001764770814008898e+01 2.661218152372135215e+00 3.982757408586159453e+00
-3.504283032676045906e+01 3.178239458121446148e+00 1.196820648141609666e+01
-4.113257716178893730e+01 -3.904125416913302615e+00 1.367137330293655317e+01
-4.989126420702253029e+01 -2.913989742824009355e+01 3.565341105536808897e+01
-3.572048568958331316e+01 -4.135029102695504832e+01 4.017412256889040378e+01
-2.113589543500182089e+01 -1.238027737575251486e+01 -2.927918736654408249e+01
-1.941596771574535651e+01 -3.257380053576301293e+01 -1.165863161338079479e+01
-3.098837012867682361e+01 -2.718327894248509935e+01 -1.577758634755969602e+01
-2.113550644473752982e+01 -5.604014808544214077e+01 2.146975177876057295e+00
-2.982752715318630976e+01 -1.061198646173579618e+01 -3.311076779243273904e+01
-5.086303996733147414e+01 9.023043960620352522e+00 -1.804650308541546266e+01
-5.391656463930270604e+01 -2.537021248580625254e+01 4.901060964249624341e+00
-6.143711092161095877e+01 -1.750969172267587481e+01 -3.011382033451176721e+00
-2.200859654857814718e+01 -3.539426658914773327e+01 -1.677203977204605678e+01
-3.309714329575692915e+01 -3.794400560922462518e+01 -1.738847527757037170e+01
-5.373259296237861804e+01 -1.068895543235876744e+01 -1.186875157595428121e+01
-5.168198911116213168e+01 -3.412828130801851501e+01 -1.537211220047074223e+00
-5.386241283102248190e+01 -3.620269465515847429e+01 -6.088193759777439595e+00
-3.903205431808607528e+01 7.849032286584651352e+00 -3.202846582217311777e+01
-5.947370128026084046e+01 -1.201131353195185092e+01 -2.202200993785151795e+01
-5.965729843685998901e+01 -4.505660049425468117e+01 -1.174697039066119153e+01
-5.317519257700610780e+01 -2.342191400850833105e+01 -2.972327950097232829e+01
-4.053005047297265406e+01 -2.259520442018876807e+01 -2.767393860265126193e+01
-4.695888265605008627e+01 -4.075903934403033446e+01 -2.195007666287292025e+01
-5.703837095238696264e+01 -5.721065427407451409e+01 -1.099882363832031196e+00
-4.547894485640977535e+01 -6.114419530562365424e+01 -9.596456808202406208e+00
-5.265173389310034935e+01 -4.604379633431122443e+01 7.417226430690177175e+00
-4.814924139792795188e+01 -6.115441323285126884e+01 9.998153475660775058e+00
-4.299623900413513411e+01 -6.969442632675171012e+01 1.434138044357299790e+01
-1.836073738613794148e+01 -7.116230429604996743e+01 2.853964782177015636e+01
-4.017574005126952841e+01 -8.026736714377332760e+01 2.086957690680204891e+01
-3.958654375076294230e+01 -5.109215237808227528e+01 3.818484535217285014e+01
-3.044512108743409229e+01 -6.648678676432888324e+01 3.931807820526234565e+01
-3.114187564777330763e+01 -7.540146452755075757e+01 2.398720427067107508e+01
-6.006584795382367048e+01 -2.358369401697606804e+01 2.581876248483578351e+01
-5.627696197593720484e+01 -3.941232893697606698e+01 3.530842735766271545e+01
-4.854339765986828326e+01 -5.642161428544142865e+01 3.823697532239810215e+01
-4.342146622150315949e+01 -5.914369392395019531e+01 2.171223773267291079e+01
-4.058542807944952102e+01 -7.163326177568234243e+01 3.424142459512117398e+01
-1.880876118796212282e+01 -8.409932312132819732e+01 3.768441498468792616e+01
-2.006077492100695991e+01 -5.273832470437754694e+01 -7.417845629991055567e+00
-2.943697169519239765e+01 -6.010300299121487200e+01 -1.081750420139681879e+01
-3.130329210019958808e+01 -3.651029245018354175e+01 -1.475560185388865264e+01
-4.338335306413711834e+01 -7.631334563224545775e+01 -2.212341758445085738e+00
-4.698093175021084988e+01 -6.477760997425426126e+01 -1.800059540881352005e+00
-3.451870502309596134e+01 -8.532875361341110931e+01 1.053335480677320568e+01
-4.490709783700796009e+01 -7.873089799147385293e+01 9.230543793164766697e+00
-2.802913280454080436e+01 -5.310179996765312893e+01 -7.245209140117985669e+00
-1.135533785951246877e+01 -5.148406502959925035e+01 3.415451240189578641e+01
-6.193415308963357013e+00 -3.706763502352499273e+01 4.200491663761910388e+01
-3.116164295884627222e+01 -5.164448357835600945e+01 -1.915631687490245838e+01
-4.914866298194823457e+00 2.322937342015708495e+01 -1.272143459578516733e+01
-7.303865087032318293e+00 3.433318330219813674e+01 -1.323599905627114381e+01
-1.389380438977229382e+01 1.328241241305140363e+01 -1.846462421661321329e+01
-3.811619329329300854e+01 -1.214243912529826019e+01 -6.969435761602371215e+00
-3.550088282893685943e+01 -1.544204740138614795e+01 1.351913931878173969e+01
-3.421465379908933357e+01 2.640274744518732675e+01 4.762717262378730609e+00
-2.217393079524917354e+01 5.734366443682672099e+01 4.065507138158128697e+00
-4.203712953112161443e+01 3.983538066883119200e+01 8.070286424249062396e-01
-3.908322791360690474e+01 -2.955435396590567532e+00 -4.154267391025929612e+01
-4.427053161621093835e+01 -1.880013602892557856e+01 1.911616846785570090e+00
-4.527477814340349482e+01 -2.823784039427988191e+01 6.438611199609720614e+00
-6.286557615813562450e+01 -2.278763626638989237e+01 4.898217941430259792e+00
-5.191285832532341971e+01 -1.425304685752542788e+01 -1.683973508260060470e+01
-6.089897972210499688e+01 -2.903593555582774499e+01 -1.706852360692318982e+01
-4.366333418314435733e+01 -6.439811302022595996e+00 -1.554653597215635585e+01
-1.061476521881074575e+01 2.920779574935304979e+01 2.691586380801119560e+01
-4.584844191367693611e+00 3.461082077026367188e+01 1.500143417123740441e+01
