8.921140289306640625e+01 -4.039592361450195312e+01 -2.023597908020019531e+01
1.111994075775146484e+01 -8.107341003417968750e+01 -5.747563934326171875e+01
7.928468322753906250e+01 -5.542711257934570312e+01 2.533328247070312500e+01
8.410412597656250000e+01 -3.960323333740234375e+01 -3.685212707519531250e+01
6.414901733398437500e+01 -5.730165481567382812e+01 -5.100415039062500000e+01
5.384300994873046875e+01 -6.377986526489257812e+01 -5.507320022583007812e+01
6.158624267578125000e+01 -3.665690231323242188e+01 -6.973812103271484375e+01
-4.697597503662109375e+01 -1.409665393829345703e+01 8.714666748046875000e+01
-6.254178237915039062e+01 -3.948984527587890625e+01 6.729842376708984375e+01
-6.931985473632812500e+01 1.028129768371582031e+01 7.133759307861328125e+01
-8.848822784423828125e+01 1.516909313201904297e+01 4.404238128662109375e+01
-8.101348114013671875e+01 1.174818706512451172e+01 5.743513870239257812e+01
5.803473663330078125e+01 -8.084559631347656250e+01 9.795868873596191406e+00
9.021459960937500000e+01 1.339960765838623047e+01 4.100947952270507812e+01
7.580264282226562500e+01 -4.925840377807617188e+01 4.275008392333984375e+01
4.899077224731445312e+01 -8.453688049316406250e+01 2.129366111755371094e+01
4.106603622436523438e+01 -8.569473266601562500e+01 3.114471626281738281e+01
5.061445236206054688e+01 -3.253079605102539062e+01 -7.987442016601562500e+01
3.824476623535156250e+01 -9.221189117431640625e+01 5.857037067413330078e+00
3.275629425048828125e+01 -8.566937255859375000e+01 -3.984700012207031250e+01
3.881805038452148438e+01 -7.341771697998046875e+01 -5.570456314086914062e+01
4.741628646850585938e+01 -5.953989028930664062e+01 -6.485905456542968750e+01
1.637114334106445312e+01 -8.504973602294921875e+01 -4.998528289794921875e+01
-7.065839385986328125e+01 -4.586706161499023438e+00 -7.061410522460937500e+01
-7.104811859130859375e+01 -5.665132141113281250e+01 -4.174674606323242188e+01
1.943058013916015625e+00 4.500075149536132812e+01 8.928133392333984375e+01
5.903675460815429688e+01 -3.476973342895507812e+01 7.284041595458984375e+01
-5.761975097656250000e+01 -6.387284851074218750e+01 -5.099237060546875000e+01
5.729070663452148438e+01 -5.532329940795898438e+01 6.047402572631835938e+01
7.700537109375000000e+01 -3.434393692016601562e+01 5.376491165161132812e+01
9.794857025146484375e+01 -7.950887203216552734e+00 1.851646423339843750e+01
7.170327758789062500e+01 2.499632835388183594e+01 6.506783294677734375e+01
9.366388702392578125e+01 -5.888916015625000000e+00 3.453110504150390625e+01
8.474926757812500000e+01 5.026360034942626953e+00 5.284220123291015625e+01
8.285729217529296875e+01 -7.424044132232666016e+00 5.549370574951171875e+01
2.305581665039062500e+01 -2.136562919616699219e+01 9.493122863769531250e+01
4.702940750122070312e+01 -1.193569087982177734e+01 8.744011688232421875e+01
6.174095916748046875e+01 5.618815898895263672e+00 7.846324920654296875e+01
2.256552696228027344e+01 -3.917705917358398438e+01 8.919615936279296875e+01
3.889484024047851562e+01 1.488207054138183594e+01 9.091597747802734375e+01
4.562031173706054688e+01 3.744261932373046875e+01 8.072692871093750000e+01
1.445374202728271484e+01 -6.278264999389648438e+01 7.648155212402343750e+01
2.081333732604980469e+01 3.802072525024414062e+01 9.011786651611328125e+01
-1.361883258819580078e+01 2.957557678222656250e+01 9.455057525634765625e+01
4.042234039306640625e+01 -5.414339828491210938e+01 7.371923828125000000e+01
4.376337432861328125e+01 -7.231704711914062500e+01 5.343231201171875000e+01
-1.457713699340820312e+01 -7.749559783935546875e+01 6.149746322631835938e+01
1.094789981842041016e+00 -8.644573211669921875e+01 5.025870132446289062e+01
2.227973747253417969e+01 -7.701694488525390625e+01 5.976624298095703125e+01
2.653426742553710938e+01 -8.765553283691406250e+01 4.015519332885742188e+01
-6.169456481933593750e+01 -4.962457275390625000e+01 6.108340835571289062e+01
-4.519228744506835938e+01 -6.464845275878906250e+01 6.146735382080078125e+01
-6.641137695312500000e+01 -2.744194221496582031e+01 6.954471588134765625e+01
-5.022946166992187500e+01 -5.472148895263671875e+00 8.629632568359375000e+01
-9.957294464111328125e+00 5.902731895446777344e+00 9.932778930664062500e+01
-9.610192108154296875e+01 5.942004203796386719e+00 2.700209426879882812e+01
5.910022354125976562e+01 4.353751373291015625e+01 6.790911865234375000e+01
5.738151550292968750e+01 6.170168304443359375e+01 5.385409164428710938e+01
4.995471954345703125e+01 6.347806549072265625e+01 5.894964599609375000e+01
3.915918731689453125e+01 5.782207489013671875e+01 7.157628631591796875e+01
3.571577072143554688e+01 9.180102539062500000e+01 1.723241996765136719e+01
2.185093879699707031e+01 8.303285980224609375e+01 5.126479721069335938e+01
1.380223941802978516e+01 6.726307678222656250e+01 7.269921112060546875e+01
2.004437446594238281e+01 9.638989257812500000e+01 1.752745437622070312e+01
1.637603569030761719e+01 9.856849670410156250e+01 4.009617805480957031e+00
-2.268727684020996094e+01 8.548088836669921875e+01 -4.667230224609375000e+01
-6.608055877685546875e+01 4.189633941650390625e+01 6.227403640747070312e+01
-3.962794494628906250e+01 6.053442382812500000e+01 6.903049468994140625e+01
6.493378162384033203e+00 8.878827667236328125e+01 4.554644012451171875e+01
-9.305278778076171875e+00 6.280493545532226562e+01 7.725898742675781250e+01
-2.447613906860351562e+01 7.645535278320312500e+01 5.962799072265625000e+01
-7.225472927093505859e+00 9.605091857910156250e+01 2.687033462524414062e+01
-7.950253295898437500e+01 4.332229995727539062e+01 4.245616149902343750e+01
-8.641236877441406250e+01 4.684220504760742188e+01 -1.840406417846679688e+01
-6.881763458251953125e+01 6.630847930908203125e+01 -2.945027351379394531e+01
-4.154466629028320312e+01 7.905218505859375000e+01 -4.499769592285156250e+01
-3.643532943725585938e+01 8.986083984375000000e+01 -2.444374465942382812e+01
-9.671760559082031250e+01 2.507605171203613281e+01 4.110343933105468750e+00
-8.879513549804687500e+01 4.381431198120117188e+01 1.399037361145019531e+01
-9.179455566406250000e+01 3.007736015319824219e+01 2.586720085144042969e+01
-8.265804290771484375e+01 5.618328475952148438e+01 3.329489946365356445e+00
-7.173462677001953125e+01 6.943672943115234375e+01 -5.717063903808593750e+00
-7.418975067138671875e+01 6.241516494750976562e+01 2.449952888488769531e+01
-6.127737808227539062e+01 7.099668121337890625e+01 3.470669937133789062e+01
-5.147529602050781250e+01 8.564876556396484375e+01 3.818552970886230469e+00
-4.561058807373046875e+01 8.249068450927734375e+01 3.339102935791015625e+01
-2.348591804504394531e+01 8.770854187011718750e+01 4.190015029907226562e+01
1.269484424591064453e+01 9.886962890625000000e+01 -7.977244853973388672e+00
-2.666573905944824219e+01 9.635848236083984375e+01 -1.995365977287292480e+00
-7.772953987121582031e+00 9.951578521728515625e+01 -6.015581130981445312e+00
-1.545069122314453125e+01 9.510150146484375000e+01 -2.677648925781250000e+01
-1.086820006370544434e+00 8.817307281494140625e+01 -4.716277313232421875e+01
1.670553398132324219e+01 9.323894500732421875e+01 -3.205347061157226562e+01
-1.341976165771484375e+01 7.872503662109375000e+01 -6.018535995483398438e+01
-1.064317893981933594e+01 -9.147406768798828125e+01 3.897713470458984375e+01
-4.516001892089843750e+01 2.153901290893554688e+01 8.658316040039062500e+01
-5.441253280639648438e+01 3.781790542602539062e+01 7.489379882812500000e+01
-2.440534400939941406e+01 4.952252960205078125e+01 8.337804412841796875e+01
-9.869374847412109375e+01 1.188576126098632812e+01 -1.087529182434082031e+01
-9.860110473632812500e+01 -7.969566822052001953e+00 -1.463925457000732422e+01
-9.390052795410156250e+01 -1.548203754425048828e+01 -3.070824813842773438e+01
-8.973960113525390625e+01 5.802240848541259766e+00 -4.373942184448242188e+01
-6.278023910522460938e+01 1.573905277252197266e+01 -7.622941589355468750e+01
-8.345672607421875000e+01 -2.256688880920410156e+01 -5.025643920898437500e+01
-8.894329071044921875e+01 -3.508365631103515625e+01 -2.929554367065429688e+01
-4.887299728393554688e+01 4.472663497924804688e+01 -7.490631866455078125e+01
-3.702531814575195312e+01 2.216098403930664062e+01 -9.021095275878906250e+01
-7.770307922363281250e+01 4.630615234375000000e+01 -4.263768005371093750e+01
-4.932561111450195312e+01 5.418427658081054688e+01 -6.805180358886718750e+01
1.161707043647766113e+00 6.455813598632812500e+01 -7.636030578613281250e+01
-3.754893875122070312e+01 6.813742065429687500e+01 -6.282808303833007812e+01
-1.380223560333251953e+01 6.726307678222656250e+01 -7.269921875000000000e+01
-9.319112396240234375e+01 2.475171661376953125e+01 -2.650976753234863281e+01
-7.405038452148437500e+01 3.860879898071289062e+01 -5.500817871093750000e+01
-8.640406036376953125e+01 2.412122917175292969e+01 -4.418715286254882812e+01
-7.797837829589843750e+01 -6.000241088867187500e+01 1.786286354064941406e+01
-4.510493469238281250e+01 -8.066469573974609375e+01 3.819360733032226562e+01
4.829491043090820312e+01 3.968034362792968750e+01 -7.805812835693359375e+01
8.424900817871093750e+01 2.674622344970703125e+01 -4.676264190673828125e+01
6.979751586914062500e+01 4.216747283935546875e+01 -5.788100814819335938e+01
9.913724517822265625e+01 6.007459163665771484e+00 -1.164972972869873047e+01
3.984700012207031250e+01 3.275629425048828125e+01 -8.566937255859375000e+01
-2.297299575805664062e+01 2.538061904907226562e+01 -9.395777893066406250e+01
-6.515712738037109375e+01 -2.238924217224121094e+01 -7.247944641113281250e+01
-4.676179504394531250e+01 -2.054906272888183594e+01 -8.597133636474609375e+01
7.905340576171875000e+01 1.995255470275878906e+01 -5.790038681030273438e+01
6.570838165283203125e+01 4.535933017730712891e+00 -7.524515533447265625e+01
-3.221361160278320312e+01 -4.188749790191650391e+00 -9.457662200927734375e+01
-3.949065017700195312e+01 -4.624058914184570312e+01 -7.938700103759765625e+01
-2.233249282836914062e+01 -4.493058395385742188e+01 -8.650144958496093750e+01
0.000000000000000000e+00 3.662774658203125000e+01 -9.305056762695312500e+01
-7.996956825256347656e+00 -4.890058994293212891e+00 -9.955970764160156250e+01
3.863632917404174805e+00 -4.617244338989257812e+01 -8.861814880371093750e+01
1.574456501007080078e+01 -7.004905223846435547e+00 -9.850401306152343750e+01
4.070080947875976562e+01 5.348573207855224609e+00 -9.118572998046875000e+01
3.531354522705078125e+01 -2.310592269897460938e+01 -9.065908050537109375e+01
-9.999999974752427079e-07 -6.582962799072265625e+01 -7.527588653564453125e+01
3.310791015625000000e+01 -5.267385101318359375e+01 -7.829004669189453125e+01
-4.141101455688476562e+01 -6.643701171875000000e+01 -6.221937942504882812e+01
-1.333535099029541016e+01 -8.078576660156250000e+01 -5.740929412841796875e+01
4.261859893798828125e+00 -9.196199035644531250e+01 -3.904906082153320312e+01
8.189591217041015625e+01 -4.936511611938476562e+01 2.925997543334960938e+01
1.696658134460449219e+01 -9.729544067382812500e+01 -1.567585372924804688e+01
-3.802072525024414062e+01 -9.011786651611328125e+01 2.081333732604980469e+01
3.067651987075805664e+00 -9.721138763427734375e+01 2.324945259094238281e+01
2.347491836547851562e+01 -9.670386505126953125e+01 9.863535881042480469e+00
-9.269829559326171875e+01 -3.737500762939453125e+01 -3.183326005935668945e+00
-7.781834411621093750e+01 -6.157875442504882812e+01 -1.234349441528320312e+01
-4.554838180541992188e+01 -8.883643341064453125e+01 -5.782048225402832031e+00
-2.929554557800292969e+01 -8.894329071044921875e+01 -3.508366012573242188e+01
-8.796903610229492188e+00 -9.929141235351562500e+01 -7.989296913146972656e+00
6.009442520141601562e+01 -7.389387512207031250e+01 3.046891212463378906e+01
8.861815643310546875e+01 3.863632917404174805e+00 -4.617243957519531250e+01
7.149632263183593750e+01 -1.490773677825927734e+01 -6.830838012695312500e+01
7.269921112060546875e+01 1.380223941802978516e+01 -6.726307678222656250e+01
3.068292427062988281e+01 -7.654920959472656250e+01 -5.655772781372070312e+01
1.591957092285156250e+01 -7.169960784912109375e+01 -6.786554718017578125e+01
3.184575080871582031e+01 -9.319751739501953125e+01 -1.732255363464355469e+01
2.329932022094726562e+01 -8.923862457275390625e+01 -3.864725112915039062e+01
8.142780303955078125e+01 -2.350099086761474609e+00 -5.799991226196289062e+01
7.788532257080078125e+01 -2.114646911621093750e+01 5.904831314086914062e+01
7.065839385986328125e+01 -4.586708068847656250e+00 7.061410522460937500e+01
6.149746322631835938e+01 -1.457713699340820312e+01 -7.749559783935546875e+01
4.100948333740234375e+01 9.021458435058593750e+01 -1.339960765838623047e+01
3.339179229736328125e+01 9.417758178710937500e+01 -3.946026086807250977e+00
2.481796836853027344e+01 8.494091796875000000e+01 -4.657369613647460938e+01
-4.883853530883789062e+01 3.557174682617187500e+01 -7.968341827392578125e+01
-7.902348327636718750e+01 1.801792907714843750e+01 -5.857169342041015625e+01
-5.953989028930664062e+01 6.485905456542968750e+01 -4.741628646850585938e+01
-2.485776138305664062e+01 9.560009765625000000e+01 1.557924556732177734e+01
-5.493586349487304688e+01 8.230720520019531250e+01 -1.440746402740478516e+01
1.934649276733398438e+01 2.313931846618652344e+01 -9.534298706054687500e+01
-6.170045089721679688e+01 7.863502979278564453e+00 -7.830209350585937500e+01
-7.149631500244140625e+01 -1.490774059295654297e+01 -6.830838775634765625e+01
-5.820088577270507812e+01 -2.549313735961914062e+01 -7.721888732910156250e+01
-2.321724510192871094e+01 -9.195240974426269531e+00 -9.683184051513671875e+01
0.000000000000000000e+00 -2.742340087890625000e+01 -9.616629791259765625e+01
-3.308210754394531250e+01 3.625989151000976562e+01 -8.712516784667968750e+01
3.274629592895507812e+01 7.580590820312500000e+01 5.640163040161132812e+01
3.981880187988281250e+01 8.365757751464843750e+01 3.762806320190429688e+01
-9.017105865478515625e+01 -3.878493881225585938e+01 -1.910256385803222656e+01
-1.439455127716064453e+01 -8.162229919433593750e+01 -5.595172882080078125e+01
-7.998193359375000000e+01 -5.394045639038085938e+01 2.633091163635253906e+01
-8.369402313232421875e+01 -4.124876022338867188e+01 -3.597012710571289062e+01
-5.502339172363281250e+01 -7.882295989990234375e+01 -2.755659675598144531e+01
-5.663143920898437500e+01 -6.332886123657226562e+01 -5.274784851074218750e+01
-6.221937942504882812e+01 -4.141101455688476562e+01 -6.643701171875000000e+01
4.855462265014648438e+01 -1.306456661224365234e+01 8.643937683105468750e+01
6.254178237915039062e+01 -3.948984527587890625e+01 6.729842376708984375e+01
7.169316101074218750e+01 1.033618259429931641e+01 6.894384002685546875e+01
9.019461059570312500e+01 1.897846794128417969e+01 3.879109573364257812e+01
8.334235382080078125e+01 1.318751335144042969e+01 5.366694259643554688e+01
-5.865871810913085938e+01 -7.994923400878906250e+01 1.293348026275634766e+01
-8.938677215576171875e+01 1.522147464752197266e+01 4.217002105712890625e+01
-7.436945343017578125e+01 -5.053388977050781250e+01 4.376653671264648438e+01
-5.025644302368164062e+01 -8.345672607421875000e+01 2.256688499450683594e+01
-4.106603622436523438e+01 -8.569473266601562500e+01 3.114471626281738281e+01
-5.198369598388671875e+01 -3.365155029296875000e+01 -7.851921844482421875e+01
-3.939941787719726562e+01 -9.158256530761718750e+01 7.766539096832275391e+00
-3.569223785400390625e+01 -8.530632019042968750e+01 -3.806437301635742188e+01
-3.982136535644531250e+01 -7.406039428710937500e+01 -5.412315750122070312e+01
-4.888897323608398438e+01 -6.277461242675781250e+01 -6.057405090332031250e+01
-1.954845809936523438e+01 -8.532697296142578125e+01 -4.834423828125000000e+01
7.176456451416015625e+01 -8.043595314025878906e+00 -6.917476654052734375e+01
6.565415191650390625e+01 -6.374386215209960938e+01 -4.032682037353515625e+01
-0.000000000000000000e+00 4.560425186157226562e+01 8.899579620361328125e+01
-5.772974014282226562e+01 -3.377495574951171875e+01 7.434062194824218750e+01
5.239031982421875000e+01 -7.106291961669921875e+01 -4.696078491210937500e+01
-5.619126892089843750e+01 -5.459989547729492188e+01 6.214010238647460938e+01
-7.829004669189453125e+01 -3.310790252685546875e+01 5.267385101318359375e+01
-9.715155792236328125e+01 -9.879575729370117188e+00 2.153988647460937500e+01
-7.173620605468750000e+01 2.300715065002441406e+01 6.576159667968750000e+01
-9.366388702392578125e+01 -5.888916015625000000e+00 3.453110504150390625e+01
-8.474926757812500000e+01 5.026360034942626953e+00 5.284220123291015625e+01
-8.262438201904296875e+01 -5.482790946960449219e+00 5.606380081176757812e+01
-2.120860862731933594e+01 -2.225922966003417969e+01 9.515629577636718750e+01
-4.543204498291015625e+01 -1.296800899505615234e+01 8.813488769531250000e+01
-6.039371109008789062e+01 4.481803894042968750e+00 7.957709503173828125e+01
-1.701790237426757812e+01 -4.333209991455078125e+01 8.850265502929687500e+01
-3.548751068115234375e+01 1.685279846191406250e+01 9.195987701416015625e+01
-4.398474884033203125e+01 3.835895156860351562e+01 8.120303344726562500e+01
-1.245289421081542969e+01 -6.338292312622070312e+01 7.633825683593750000e+01
-1.718313026428222656e+01 3.763624572753906250e+01 9.103984069824218750e+01
1.361883258819580078e+01 2.957557678222656250e+01 9.455057525634765625e+01
-3.860880279541015625e+01 -5.500818252563476562e+01 7.405039215087890625e+01
-4.276214218139648438e+01 -7.169824981689453125e+01 5.505234146118164062e+01
1.119050025939941406e+01 -7.901808166503906250e+01 6.025707244873046875e+01
-6.541920185089111328e+00 -8.710574340820312500e+01 4.868050765991210938e+01
-2.344935035705566406e+01 -7.566321563720703125e+01 6.103446197509765625e+01
-2.861771392822265625e+01 -8.704148101806640625e+01 4.006003189086914062e+01
6.438298797607421875e+01 -4.921502685546875000e+01 5.858934020996093750e+01
5.020702362060546875e+01 -6.577323913574218750e+01 5.615279006958007812e+01
6.641137695312500000e+01 -2.744194221496582031e+01 6.954471588134765625e+01
5.325921630859375000e+01 -3.307125091552734375e+00 8.457256317138671875e+01
1.190087223052978516e+01 6.926046848297119141e+00 9.904745483398437500e+01
9.668022918701171875e+01 7.914483070373535156e+00 2.429594612121582031e+01
-5.910022354125976562e+01 4.353751373291015625e+01 6.790911865234375000e+01
-5.809849548339843750e+01 6.004895019531250000e+01 5.494258499145507812e+01
-4.811916351318359375e+01 6.443800354003906250e+01 5.943307113647460938e+01
-3.730509567260742188e+01 5.867072677612304688e+01 7.187541198730468750e+01
-3.378540802001953125e+01 9.252019500732421875e+01 1.727888107299804688e+01
-2.084092521667480469e+01 8.233429718017578125e+01 5.278938293457031250e+01
-1.038920688629150391e+01 6.648380279541015625e+01 7.397275543212890625e+01
-2.092333030700683594e+01 9.652899932861328125e+01 1.563221740722656250e+01
-1.637603569030761719e+01 9.856849670410156250e+01 4.009617805480957031e+00
2.054906272888183594e+01 8.597133636474609375e+01 -4.676179504394531250e+01
6.832501220703125000e+01 4.332526397705078125e+01 5.877595901489257812e+01
3.659876632690429688e+01 6.045757293701171875e+01 7.074893188476562500e+01
-6.443143844604492188e+00 9.036969757080078125e+01 4.232970428466796875e+01
1.033618640899658203e+01 6.894384002685546875e+01 7.169316101074218750e+01
2.533327865600585938e+01 7.928468322753906250e+01 5.542710876464843750e+01
5.111802101135253906e+00 9.712705993652343750e+01 2.324230003356933594e+01
7.940991973876953125e+01 4.696620178222656250e+01 3.857771301269531250e+01
8.420043945312500000e+01 4.981864166259765625e+01 -2.069753646850585938e+01
6.881763458251953125e+01 6.630847930908203125e+01 -2.945027351379394531e+01
4.220689392089843750e+01 8.120117187500000000e+01 -4.031063079833984375e+01
3.493211746215820312e+01 9.173522949218750000e+01 -1.908911705017089844e+01
9.579579925537109375e+01 2.869084358215332031e+01 -0.000000000000000000e+00
8.840117645263671875e+01 4.547867202758789062e+01 1.081303977966308594e+01
9.196560668945312500e+01 3.190088081359863281e+01 2.290546607971191406e+01
8.065617370605468750e+01 5.901992034912109375e+01 3.351135969161987305e+00
6.619001770019531250e+01 7.387738800048828125e+01 -1.268903064727783203e+01
7.247944641113281250e+01 6.515712738037109375e+01 2.238924598693847656e+01
5.867072677612304688e+01 7.187541198730468750e+01 3.730509948730468750e+01
5.284220123291015625e+01 8.474926757812500000e+01 5.026360034942626953e+00
4.151046371459960938e+01 8.429701232910156250e+01 3.421833801269531250e+01
2.007093238830566406e+01 9.067233276367187500e+01 3.709024047851562500e+01
-1.358400154113769531e+01 9.889109039306640625e+01 -6.002171993255615234e+00
2.019769096374511719e+01 9.785733032226562500e+01 -3.999388933181762695e+00
4.890058994293212891e+00 9.955970764160156250e+01 -7.996956825256347656e+00
1.339954471588134766e+01 9.540371704101562500e+01 -2.680636978149414062e+01
1.086820006370544434e+00 8.817307281494140625e+01 -4.716277313232421875e+01
-1.766218566894531250e+01 9.365220642089843750e+01 -3.028715515136718750e+01
1.670227432250976562e+01 7.923097229003906250e+01 -5.868122482299804688e+01
5.258797168731689453e+00 -9.391529846191406250e+01 3.394498062133789062e+01
4.667230224609375000e+01 2.268727684020996094e+01 8.548088836669921875e+01
5.880458831787109375e+01 3.677233505249023438e+01 7.204037475585937500e+01
2.129365921020507812e+01 4.899076461791992188e+01 8.453688049316406250e+01
9.806246948242187500e+01 1.379440975189208984e+01 -1.390918159484863281e+01
9.856849670410156250e+01 -4.009620189666748047e+00 -1.637603950500488281e+01
9.318980407714843750e+01 -9.736884117126464844e+00 -3.494071578979492188e+01
8.901821136474609375e+01 7.690873146057128906e+00 -4.490665817260742188e+01
6.677557373046875000e+01 1.248869132995605469e+01 -7.338292694091796875e+01
8.234463500976562500e+01 -2.383002853393554688e+01 -5.149263000488281250e+01
8.862547302246093750e+01 -3.327357101440429688e+01 -3.222411727905273438e+01
5.053389358520507812e+01 4.376653671264648438e+01 -7.436945343017578125e+01
4.211915588378906250e+01 1.713218688964843750e+01 -8.906438446044921875e+01
7.398377227783203125e+01 4.845025634765625000e+01 -4.667948150634765625e+01
4.989109420776367188e+01 5.234680938720703125e+01 -6.907018280029296875e+01
2.328871965408325195e+00 6.325659561157226562e+01 -7.741562652587890625e+01
3.861831283569335938e+01 6.891132354736328125e+01 -6.131765365600585938e+01
1.695309257507324219e+01 6.770683288574218750e+01 -7.161268615722656250e+01
9.087431335449218750e+01 2.816918182373046875e+01 -3.079539680480957031e+01
7.231153869628906250e+01 4.162486648559570312e+01 -5.512179183959960938e+01
8.534353637695312500e+01 2.543922042846679688e+01 -4.548986816406250000e+01
8.078576660156250000e+01 -5.740929412841796875e+01 1.333535385131835938e+01
4.273975372314453125e+01 -8.312037658691406250e+01 3.555719757080078125e+01
-4.991596603393554688e+01 3.872803497314453125e+01 -7.751474761962890625e+01
-8.519813537597656250e+01 2.722280502319335938e+01 -4.472356414794921875e+01
-6.832501220703125000e+01 4.332526779174804688e+01 -5.877595901489257812e+01
-9.934546661376953125e+01 6.011927127838134766e+00 -9.712554931640625000e+00
-4.149805068969726562e+01 3.184869003295898438e+01 -8.522660064697265625e+01
2.305582046508789062e+01 2.136562919616699219e+01 -9.493122863769531250e+01
6.379714584350585938e+01 -2.344917678833007812e+01 -7.334889221191406250e+01
4.949369049072265625e+01 -2.713263893127441406e+01 -8.254813385009765625e+01
-7.905340576171875000e+01 1.995255470275878906e+01 -5.790038681030273438e+01
-6.822942352294921875e+01 4.561728954315185547e+00 -7.296530151367187500e+01
3.220028305053710938e+01 -6.281581878662109375e+00 -9.446524047851562500e+01
3.688236618041992188e+01 -4.393795394897460938e+01 -8.190937805175781250e+01
1.759523010253906250e+01 -5.039409255981445312e+01 -8.456265258789062500e+01
1.982789993286132812e+00 3.225738525390625000e+01 -9.463365936279296875e+01
6.011927127838134766e+00 -9.712554931640625000e+00 -9.934546661376953125e+01
-5.026360034942626953e+00 -5.284220123291015625e+01 -8.474926757812500000e+01
-1.571023654937744141e+01 -1.299176216125488281e+01 -9.789995574951171875e+01
-4.236027908325195312e+01 2.148613929748535156e+00 -9.055931091308593750e+01
-3.499441528320312500e+01 -3.134152984619140625e+01 -8.827853393554687500e+01
-2.305905103683471680e+00 -6.828224945068359375e+01 -7.302202606201171875e+01
-3.306510543823242188e+01 -5.749422073364257812e+01 -7.484058380126953125e+01
3.665690231323242188e+01 -6.973812103271484375e+01 -6.158624267578125000e+01
6.678184986114501953e+00 -8.149150848388671875e+01 -5.757200622558593750e+01
-3.209810972213745117e+00 -9.127957916259765625e+01 -4.071528625488281250e+01
-8.247417449951171875e+01 -4.780279159545898438e+01 3.021428108215332031e+01
-1.805537605285644531e+01 -9.677768707275390625e+01 -1.755225944519042969e+01
4.070437240600585938e+01 -8.936022949218750000e+01 1.891831779479980469e+01
-3.036112070083618164e+00 -9.802598571777343750e+01 1.953683471679687500e+01
-2.540393829345703125e+01 -9.621691131591796875e+01 9.846068382263183594e+00
9.457662200927734375e+01 -3.221361160278320312e+01 -4.188752174377441406e+00
7.923097991943359375e+01 -5.868122482299804688e+01 -1.670227432250976562e+01
4.373942184448242188e+01 -8.973960113525390625e+01 -5.802240848541259766e+00
1.972273445129394531e+01 -9.325457763671875000e+01 -3.024228286743164062e+01
7.772953987121582031e+00 -9.951578521728515625e+01 -6.015581130981445312e+00
-6.110076522827148438e+01 -7.256494140625000000e+01 3.163898849487304688e+01
-8.928133392333984375e+01 1.943052053451538086e+00 -4.500075531005859375e+01
-7.169123077392578125e+01 -1.898509025573730469e+01 -6.708154296875000000e+01
-7.402631378173828125e+01 1.471882534027099609e+01 -6.560076141357421875e+01
-3.274629974365234375e+01 -7.580590820312500000e+01 -5.640163040161132812e+01
-2.131993103027343750e+01 -7.158152008056640625e+01 -6.649469757080078125e+01
-3.533542251586914062e+01 -9.256697845458984375e+01 -1.351894760131835938e+01
-2.424419593811035156e+01 -8.970303344726562500e+01 -3.695380401611328125e+01
-8.139250946044921875e+01 -4.699089050292968750e+00 -5.790662384033203125e+01
-7.788532257080078125e+01 -2.114646911621093750e+01 5.904831314086914062e+01
-7.176456451416015625e+01 -8.043596267700195312e+00 6.917475891113281250e+01
-6.278023910522460938e+01 -1.573905467987060547e+01 -7.622941589355468750e+01
-4.217002105712890625e+01 8.938677215576171875e+01 -1.522147464752197266e+01
-3.339179229736328125e+01 9.417758178710937500e+01 -3.946026086807250977e+00
-2.383970832824707031e+01 8.433631896972656250e+01 -4.815655517578125000e+01
4.883853530883789062e+01 3.557174682617187500e+01 -7.968341827392578125e+01
7.905340576171875000e+01 1.995255279541015625e+01 -5.790037918090820312e+01
6.219413757324218750e+01 6.417621612548828125e+01 -4.486982345581054688e+01
2.651848983764648438e+01 9.570022583007812500e+01 1.175744724273681641e+01
5.039409255981445312e+01 8.456265258789062500e+01 -1.759523010253906250e+01
-2.120860481262207031e+01 2.225922966003417969e+01 -9.515629577636718750e+01
6.573093414306640625e+01 2.268389940261840820e+00 -7.532794189453125000e+01
7.173229980468750000e+01 -2.100326347351074219e+01 -6.643297576904296875e+01
5.950673294067382812e+01 -2.864769554138183594e+01 -7.508834075927734375e+01
1.940813827514648438e+01 -1.915174102783203125e+01 -9.621088409423828125e+01
-1.978021979331970215e+00 -3.410597991943359375e+01 -9.398334503173828125e+01
3.828738403320312500e+01 3.159982109069824219e+01 -8.680741119384765625e+01
-3.070691108703613281e+01 7.436486053466796875e+01 5.938814926147460938e+01
-3.895256805419921875e+01 8.329131317138671875e+01 3.930970382690429688e+01
